distortion:
-0.067974 0.005215 -0.140091 0.041728
projection:
261.247498 0.000000 319.500000
0.000000 189.896683 239.500000
0.000000 0.000000 1.000000
error:
1.246403
