distortion:
0.003415 0.373924 0.001054 0.014489
projection:
499.338684 0.000000 319.500000
0.000000 494.038635 239.500000
0.000000 0.000000 1.000000
error:
0.168067
