distortion:
-6.404253 108.576859 -0.008074 0.593440
projection:
1459.443481 0.000000 319.500000
0.000000 2168.706299 239.500000
0.000000 0.000000 1.000000
error:
0.673082
