distortion:
-0.636353 -45.229900 0.064822 0.227377
projection:
1763.703491 0.000000 319.500000
0.000000 1771.497559 239.500000
0.000000 0.000000 1.000000
error:
0.433605
