distortion:
0.402635 -18.340662 0.043215 0.175153
projection:
1564.321411 0.000000 319.500000
0.000000 1556.098877 239.500000
0.000000 0.000000 1.000000
error:
0.491856
